2.7872e+05,25827,327,0,0,0,4748,5635,28510,0,287,3.3673e+05,59099,28815,5436,330,5119,2.8787e+05,57744,11085,2522,4855,18592,19126,4006,11291,2081,2746,6420,99,1556,828,3111,2.3008e+05,73725,14505,0,82,0,275,207,411,433,547,367
2.65e+05,23575,2264,0,0,0,49489,4374,2.1448e+05,0,530,2.7462e+05,47010,23769,4055,607,9170,2.39e+05,43863,9424,9371,3354,15513,16062,2980,10645,1809,2091,5750,1484,12678,3302,2230,2.0023e+05,63419,18786,0,783,0,1730,946,2672,2215,3106,1419
2.572e+05,28364,233,0,0,0,2336,6115,17615,0,15,3.1534e+05,56846,27900,4718,506,4785,2.7462e+05,52008,11002,1883,4022,16662,18935,3371,10647,1891,2220,6235,207,845,290,2688,2.1211e+05,64911,12915,0,22,0,309,5,157,446,34,69
1.7964e+05,16633,28,0,0,0,259,3433,4757,0,30,3.5226e+05,63556,14230,3535,530,4156,3.2159e+05,65605,7501,484,2200,20287,22904,3499,12979,2057,1737,3568,65,186,49,1507,1.2532e+05,37545,7936,0,0,0,0,66,0,0,0,31
2.4434e+05,21970,952,0,0,0,28582,4643,1.2836e+05,0,411,2.8412e+05,48816,22266,4849,299,7116,2.4217e+05,44680,9643,7077,3632,14396,17659,2623,10849,2069,1251,6087,791,8023,2987,2222,1.8438e+05,57621,13612,0,740,0,1063,319,1508,1307,2049,884
2.0806e+05,19246,3557,0,0,0,41423,3941,1.8069e+05,0,432,2.6981e+05,45449,17827,3609,489,9304,2.4481e+05,46577,7530,11180,3828,14876,17491,2773,10479,1021,1919,3259,2725,25980,8077,2133,1.6933e+05,54694,15460,0,5333,0,7422,2838,9631,6031,11133,6225
2.9783e+05,25951,154,0,0,0,497,5156,12540,0,108,2.6151e+05,46225,25717,5563,353,4906,2.1481e+05,41890,10113,1407,4799,13953,14970,3349,9371,1856,1785,6699,98,126,5,3121,2.1969e+05,65613,14583,0,43,0,82,187,72,0,79,35
2.1363e+05,19512,1479,0,0,0,65293,3889,2.5841e+05,0,452,2.3101e+05,41994,18902,4142,282,8138,1.9861e+05,39314,9062,9543,3643,13147,13656,2696,8402,1568,1732,3972,799,10606,3024,2021,1.6883e+05,54137,16163,0,609,0,934,278,1133,1472,1976,930
1.6752e+05,16942,2851,0,0,0,52074,3301,2.0846e+05,0,407,2.5639e+05,43841,16690,3215,184,9727,2.3059e+05,44442,8156,12852,2576,15354,15207,2799,10933,1317,1273,3576,2898,28395,8262,2061,1.6782e+05,49334,15860,0,3867,0,5264,2020,5811,3601,4828,3016
2.3552e+05,23867,184,0,0,0,8908,4539,39529,0,60,2.6088e+05,44476,22753,4504,376,4447,2.2068e+05,45660,9513,2361,3055,14485,16703,2280,8620,1448,2592,5213,382,1114,397,2553,1.8517e+05,61094,12432,0,0,0,70,114,55,90,253,176
1.8889e+05,17683,1955,0,0,0,54782,2951,2.2695e+05,0,566,2.3682e+05,40290,16620,4137,441,8419,2.0233e+05,41953,5780,11002,3199,12115,13064,1872,7574,1096,1232,5027,1332,15080,4337,1773,1.3496e+05,43256,13305,0,545,0,829,442,1149,1088,972,332
1.9846e+05,19825,1540,0,0,0,31307,3923,1.3592e+05,0,347,2.5983e+05,44793,17129,3977,345,6477,2.2452e+05,42560,8322,5812,3375,14279,15823,2191,9304,1845,1534,4578,864,8955,2576,1853,1.5086e+05,47857,12251,0,804,0,1036,497,1066,710,1124,593
1.7816e+05,16682,1014,0,0,0,32200,3429,1.3397e+05,0,272,2.6262e+05,45150,17611,3504,276,6827,2.2765e+05,44114,6801,5788,2809,14301,15571,2890,9987,997,1422,4710,802,8138,2806,1624,1.5255e+05,46601,11889,0,441,0,667,254,505,423,651,260
1.3919e+05,12285,23,0,0,0,33,3320,3930,0,60,2.9886e+05,53955,14505,3859,182,2807,2.7727e+05,54712,6231,634,2834,16984,18709,2433,10001,1703,1422,3549,170,31,76,1287,99524,34508,6529,0,33,0,62,0,33,49,0,0
2.1561e+05,17004,1450,0,0,0,55553,3193,2.3961e+05,0,413,2.0999e+05,34322,17198,3862,331,7014,1.7436e+05,32996,6843,9821,3270,10643,10369,2088,7470,1104,966,4252,1236,10992,3056,1668,1.4974e+05,45226,13651,0,922,0,1009,532,1402,1528,3014,1644
2.2051e+05,21126,468,0,0,0,13455,4113,63941,0,250,2.5176e+05,42696,23273,4353,237,4702,2.0747e+05,40733,8323,2424,3750,13792,15222,2945,9616,1544,1280,5649,287,977,439,2576,1.7816e+05,53136,11875,0,155,0,105,53,23,24,134,58
2.0585e+05,17490,368,0,0,0,6689,4378,34227,0,165,2.4847e+05,42550,20851,3569,251,5205,2.1294e+05,41470,8134,3901,2919,13668,14725,2523,8989,1466,1806,4690,392,2357,545,2057,1.5791e+05,51591,11325,0,91,0,374,215,348,279,417,291
2.003e+05,18185,1272,0,0,0,21545,5489,87070,0,212,2.4076e+05,41229,18165,3124,277,6424,2.0927e+05,42413,8655,6780,2870,14144,13488,2151,8149,1850,1453,4288,904,9332,2221,2075,1.5538e+05,50179,11567,0,768,0,837,675,1556,918,1819,711
1.7875e+05,16097,380,0,0,0,8275,3392,41424,0,195,2.489e+05,42991,18770,4039,317,4154,2.1986e+05,44689,8091,1996,2950,12238,14345,2365,10023,1572,1365,4606,338,1638,480,1999,1.5837e+05,48324,10385,0,140,0,114,142,326,221,272,227
2.1241e+05,19375,364,0,0,0,380,4911,8890,0,53,2.3462e+05,42690,20560,3951,320,3218,2.0095e+05,40691,8506,886,3195,12096,13375,2599,8727,1782,1779,4818,311,653,169,2448,1.5753e+05,47986,10945,0,55,0,286,57,134,193,199,31
79220,5642,2110,0,0,0,99133,1529,4.0316e+05,0,650,80898,14083,6100,1309,10,11190,67246,14222,3388,15933,1819,3324,4993,858,3331,605,640,1689,3039,21879,5973,626,55953,17266,10319,0,3180,0,5433,1739,7214,6398,9705,5305
1.8656e+05,15739,2388,0,0,0,39170,2372,1.6421e+05,0,238,2.0389e+05,33289,13436,3822,150,7301,1.7571e+05,35318,6273,9301,2290,10930,12274,2017,7384,1150,1203,3863,1208,14884,4392,1438,1.3113e+05,39972,12330,0,2436,0,3877,1754,6032,3560,6436,3601
1.5441e+05,14228,183,0,0,0,1639,3274,12340,0,197,2.4301e+05,43069,20582,4071,192,4161,2.0914e+05,38946,6934,2494,2569,10806,14076,2228,8798,1545,1186,4734,173,837,418,1494,1.3747e+05,44226,9237,0,107,0,188,33,255,159,261,105
2.0861e+05,17319,43,0,0,0,403,4208,8221,0,99,2.2199e+05,40612,22105,3498,171,3930,1.8856e+05,37896,6130,1190,3481,11934,14072,3009,8015,1330,1001,5130,174,956,466,2546,1.456e+05,45019,9102,0,30,0,168,174,258,245,313,143
2.095e+05,19340,126,0,0,0,3646,3590,18777,0,250,2.1624e+05,36775,19009,3882,240,3871,1.8391e+05,35733,8012,1146,2450,11772,11617,1969,7565,1164,1200,4073,88,399,132,2167,1.384e+05,48953,9476,0,68,0,87,115,92,65,55,0
1.8536e+05,16660,64,0,0,0,5347,3825,28183,0,33,2.2201e+05,39270,20030,3482,193,3894,1.8354e+05,36511,7866,1167,2608,12185,13091,2915,6977,1205,1435,4667,91,506,69,2555,1.4664e+05,48741,10554,0,120,0,95,0,35,117,107,0
1.5511e+05,13446,1330,0,0,0,46193,2405,1.9473e+05,0,138,1.812e+05,30928,13645,2144,162,6672,1.5397e+05,32256,5857,9912,2306,9042,10814,1853,7022,993,873,3487,1411,12214,4162,1140,1.2076e+05,38630,11917,0,1261,0,3042,837,4238,1956,4238,2548
1.9603e+05,17359,482,0,0,0,14254,4387,63928,0,76,2.044e+05,33863,19901,3626,193,4743,1.6843e+05,34199,6855,3058,2882,9949,11214,2787,7469,1409,1511,4440,504,2651,1121,2094,1.43e+05,46119,10879,0,35,0,93,41,191,53,214,160
1.7152e+05,15821,615,0,0,0,13457,2973,58632,0,826,2.1449e+05,36737,15908,3768,287,7383,1.8705e+05,36667,5594,4891,2807,11425,12959,2255,7317,1932,1345,3666,980,4685,1215,1904,1.159e+05,39792,9519,0,675,0,925,331,1078,1588,1956,963
1.5409e+05,14274,1017,0,0,0,9965,3352,42115,0,140,2.1612e+05,38327,15584,3018,81,4539,1.9515e+05,36109,6627,3129,2596,11704,12191,2564,7961,1100,974,3520,127,2985,729,1227,1.2297e+05,40082,8573,0,97,0,50,1,49,316,85,168
1.9463e+05,17220,1230,0,0,0,18224,3353,81586,0,185,1.9823e+05,34362,14870,2893,165,5846,1.6908e+05,35037,5531,5829,3077,10152,12109,1921,7281,1298,878,3473,802,5651,1843,1673,1.2406e+05,37466,9187,0,497,0,1423,416,2532,1249,2204,1079
1.7572e+05,18261,422,0,0,0,1215,3601,10098,0,79,2.0387e+05,32825,21049,3804,117,3534,1.6698e+05,33571,7037,1317,3642,10678,13275,2415,7196,1113,1308,4661,153,265,117,2820,1.6521e+05,55502,11190,0,0,0,36,10,86,326,112,93
1.6454e+05,15221,733,0,0,0,14542,2909,65368,0,49,2.0925e+05,35816,17520,3559,238,4979,1.7155e+05,35950,6069,4221,2374,11625,11999,1793,8258,996,1721,3743,408,6019,2002,1901,1.3536e+05,41255,11465,0,355,0,814,150,613,706,498,371
1.8594e+05,15670,1147,0,0,0,9023,3045,47877,0,762,2.0642e+05,35141,14524,3012,294,6834,1.7811e+05,35158,6248,5734,2308,10071,12768,2192,9401,1853,1168,3614,680,3643,1410,1939,1.1e+05,38538,8747,0,515,0,735,280,1536,1180,1443,618
1.2717e+05,13225,132,0,0,0,190,2257,3039,0,0,2.3266e+05,39399,11879,2843,124,2169,2.1579e+05,46310,4913,333,2552,11691,13899,2511,8286,966,1349,3230,19,0,246,1550,80093,24216,5431,0,85,0,0,27,0,0,59,57
1.7525e+05,15067,1789,0,0,0,30688,3725,1.3047e+05,0,354,1.8578e+05,30880,15965,3472,94,10543,1.5241e+05,30573,8379,14412,2515,9542,9733,2014,6657,1090,1235,3043,3591,12701,3832,1594,1.3371e+05,39691,11129,0,725,0,2439,1022,2093,1763,3647,1921
1.1226e+05,9139,4236,0,0,0,70439,1767,2.8574e+05,0,819,1.2001e+05,21225,7615,2034,105,11547,1.1045e+05,18675,3268,16612,1260,5949,6752,1258,5074,620,687,1775,2833,39751,13652,1047,71310,22052,15352,0,4361,0,8114,3695,9443,7526,10893,6024
1.5629e+05,15262,588,0,0,0,29614,3417,1.3755e+05,0,128,1.8292e+05,31903,15815,3385,98,4717,1.5231e+05,28593,5654,3685,3025,10221,10582,1602,7291,980,1230,4142,803,4837,2002,1601,1.3384e+05,40173,10587,0,54,0,306,55,344,454,436,523
1.7693e+05,14775,541,0,0,0,9452,3943,40891,0,111,1.9753e+05,34272,16004,3686,192,4457,1.7375e+05,32647,6068,2715,2683,9746,11653,1764,7434,1113,752,4022,500,2559,872,1404,1.2032e+05,37971,7884,0,198,0,239,55,405,290,493,252
1.2787e+05,12301,873,0,0,0,19820,2337,94243,0,280,2.0084e+05,35290,14602,3633,204,4945,1.7727e+05,34301,6655,4018,2712,11444,12321,1859,8301,1167,1071,3580,409,4752,1446,1313,1.2786e+05,39326,9962,0,717,0,1015,344,1384,1040,1364,311
1.5198e+05,16400,610,0,0,0,4364,3753,22099,0,139,2.0512e+05,36406,16085,3250,223,3884,1.7848e+05,32130,5574,3418,2562,9897,11350,2175,7576,1050,1139,4032,594,5608,1586,1353,1.2739e+05,42333,10044,0,239,0,714,166,542,513,512,410
1.7615e+05,15382,119,0,0,0,525,3598,7200,0,44,1.9769e+05,37324,18000,3798,331,3613,1.6352e+05,31740,6043,1124,2298,10342,11297,2527,6142,1511,1279,4421,98,203,119,1996,1.335e+05,43703,9543,0,0,0,87,0,0,63,5,19
1.197e+05,9386,2657,0,0,0,64542,3023,2.5697e+05,0,778,1.333e+05,21295,9931,2098,165,9004,1.1212e+05,21290,5432,15908,1538,6779,8138,1562,4945,778,860,2675,1820,9924,3261,1080,92287,30757,10803,0,1205,0,2101,1285,2039,2256,3458,1562
1.4852e+05,12511,2156,0,0,0,45966,2460,1.8702e+05,0,452,1.6688e+05,27023,11222,2297,95,6385,1.4237e+05,27975,5321,7758,2107,9094,10882,1009,6029,1059,999,2882,1465,16852,4636,818,96221,31753,10663,0,1686,0,2794,1183,3299,2604,3513,2374
1.7466e+05,16589,267,0,0,0,780,4122,8696,0,29,1.9329e+05,34488,18009,3044,254,2982,1.6252e+05,32751,6184,673,2042,9329,10986,2137,6572,1071,1736,4250,21,330,11,1779,1.3376e+05,40959,8639,0,61,0,65,85,47,65,64,50
1.1473e+05,8523,1578,0,0,0,68355,2026,2.7014e+05,0,376,1.1645e+05,20461,10191,2347,243,7277,97761,19667,4689,10959,1188,5442,6912,1322,3967,681,712,2254,1812,16731,5361,787,82459,27386,11695,0,1502,0,2913,1214,4250,3949,6097,2967
1.4178e+05,11496,645,0,0,0,24150,3150,1.0195e+05,0,155,1.8362e+05,32467,13932,2748,166,4349,1.6171e+05,30628,5678,3432,2728,9992,11492,1901,6550,1491,999,3371,562,5997,1910,931,1.0779e+05,34456,10401,0,217,0,427,117,217,418,381,273
1.364e+05,11670,128,0,0,0,197,2774,4431,0,57,2.0524e+05,36189,13023,3172,178,2582,1.7818e+05,35009,4822,516,2506,9718,12150,1552,6979,1265,1570,2867,27,232,0,1733,99071,32086,7166,0,47,0,56,0,81,0,33,0
1.447e+05,12856,2537,0,0,0,15535,2575,67620,0,1200,1.8864e+05,31831,12909,2595,342,6811,1.6087e+05,30274,5472,6885,2315,10712,10393,1897,7171,835,912,3191,818,4967,933,1321,1.1143e+05,37197,8048,0,1574,0,2492,851,2679,2389,3768,2037
1.6533e+05,16105,366,0,0,0,581,3560,7086,0,70,1.8813e+05,33105,16921,3510,229,3225,1.5489e+05,30350,5693,872,2398,9983,10085,1550,6694,1279,877,4385,86,617,300,2181,1.2088e+05,38736,8554,0,91,0,107,0,125,73,199,155
1.7558e+05,15027,23,0,0,0,3181,3224,15933,0,152,1.8205e+05,32603,13917,2722,83,3162,1.5753e+05,31551,5548,1255,1837,8488,10234,2241,6250,762,940,3668,255,654,164,1995,1.1477e+05,34329,7762,0,0,0,80,35,39,87,5,150
1.2485e+05,10810,0,0,0,0,242,2161,2228,0,36,2.0934e+05,37729,8855,2193,277,2107,1.8616e+05,39397,5243,683,1767,11859,13436,1882,9446,1238,1364,2571,23,0,25,1218,71652,24921,4920,0,0,0,0,0,0,23,0,0
1.3146e+05,11052,2930,0,0,0,44095,2042,1.8111e+05,0,341,1.5121e+05,24957,9487,1988,87,6635,1.3437e+05,25363,5119,9620,1281,7546,10352,1877,6472,792,1154,2125,2587,23255,5548,878,94706,29933,9531,0,6449,0,11219,4491,13455,8887,18286,9717
1.7166e+05,14161,1095,0,0,0,8108,3480,39950,0,127,1.768e+05,31338,13843,3247,247,5208,1.4747e+05,28517,5579,4107,1958,9419,10327,1763,6109,998,1101,3402,664,5147,1418,1185,1.179e+05,36274,8963,0,335,0,774,800,1040,749,1090,627
86785,8723,1904,0,0,0,67873,1285,2.7804e+05,0,233,96859,16766,7151,1931,147,8199,79062,15362,4004,12364,1175,4979,5957,1281,3575,576,914,1780,2131,16561,4541,980,67651,21327,9500,0,1511,0,3882,1433,4487,4154,6213,3235
1.7116e+05,16592,191,0,0,0,701,3419,7443,0,79,1.7918e+05,30852,15568,3902,274,3166,1.4482e+05,31665,7356,1069,3061,10047,9631,1637,5536,1256,799,3816,191,547,292,1954,1.1676e+05,36494,8619,0,59,0,35,0,52,60,219,141
1.7047e+05,15639,112,0,0,0,705,3917,8934,0,31,1.7808e+05,29859,14839,3596,205,2442,1.432e+05,28991,5246,1059,2512,9490,11606,2080,5817,1223,918,3315,95,580,420,2217,1.1887e+05,37671,7389,0,7,0,112,147,26,18,115,22
1.3594e+05,10932,516,0,0,0,702,2518,4386,0,363,1.8745e+05,31525,11706,2438,389,2627,1.6668e+05,33036,5700,719,1532,10076,11809,1684,6497,1103,1179,2816,66,0,0,1414,91453,26954,6484,0,0,0,0,0,40,18,73,0
1.4513e+05,13591,1162,0,0,0,24292,2166,95186,0,115,1.6316e+05,27428,12593,2736,181,5173,1.4172e+05,26563,5608,6421,2423,9294,9401,1037,5248,1488,1313,2865,975,8239,3155,1135,1.1096e+05,35909,11015,0,195,0,793,612,1117,950,2114,566
1.206e+05,11492,2430,0,0,0,29651,2493,1.1882e+05,0,322,1.6144e+05,27656,12072,2794,269,5918,1.4538e+05,28130,5597,8042,2171,8515,11558,1539,6423,1400,1318,2464,1426,13656,3958,1118,1.1054e+05,33600,10522,0,1975,0,3988,1741,6263,3960,6103,3237
1.18e+05,10446,5224,0,0,0,46907,2563,1.9072e+05,0,7750,1.3369e+05,22470,12059,1859,184,3304,1.1077e+05,22730,4610,1558,1846,6364,7609,1548,5395,884,724,2928,242,1158,473,1103,97439,31198,7223,0,46,0,196,18,52,161,190,179
16747,1511,8716,0,0,0,80941,625,3.2407e+05,0,7932,18348,3017,1875,211,49,4146,15717,2733,1653,4631,527,945,848,414,566,186,77,783,769,7178,2032,327,11382,3531,4309,0,652,0,1348,452,1774,1833,2181,1164
1.4364e+05,12892,39,0,0,0,307,3281,5839,0,99,1.7129e+05,28734,14995,2594,317,2520,1.4799e+05,30966,4536,1105,2939,9214,8743,2114,6118,770,804,3881,27,211,115,1598,1.0916e+05,35980,7464,0,0,0,143,0,19,89,88,104
1.3233e+05,13813,580,0,0,0,16437,2391,73443,0,212,1.6653e+05,29542,11789,3006,219,4825,1.4553e+05,28750,4312,2575,2143,8501,8987,1342,5660,840,1350,3421,364,2567,935,1278,1.0299e+05,31371,7613,0,103,0,158,99,220,67,181,80
94447,7550,2545,0,0,0,55074,1381,2.2505e+05,0,374,1.1788e+05,20697,8703,1621,17,8040,99018,20746,3241,13640,1200,6740,7308,1229,3893,794,749,2040,1421,23833,6574,659,67046,21037,9207,0,2019,0,3976,2055,4224,3916,5686,2566
1.3496e+05,10920,737,0,0,0,16232,2329,67702,0,272,1.7072e+05,30639,12290,2501,153,3982,1.4461e+05,28629,4654,3671,1715,8566,9840,1467,5722,1160,1145,2669,445,2844,766,1420,94754,29203,6856,0,63,0,142,98,169,108,52,82
1.5622e+05,11806,1151,0,0,0,33669,2010,1.4409e+05,0,816,1.3377e+05,24616,11941,2976,130,2987,1.1619e+05,22644,5077,2380,2250,6087,7879,1335,4910,1026,563,2486,562,2900,480,1704,1.0198e+05,32497,6938,0,186,0,455,207,424,383,569,355
1.4236e+05,12271,1801,0,0,0,21241,3517,83379,0,908,1.5524e+05,25789,12242,2024,12,9455,1.3437e+05,26958,5688,12239,2284,9199,8936,1724,5546,1475,726,3006,2157,11479,3246,1360,1.1404e+05,34832,9408,0,2641,0,4053,1521,5967,4666,9405,4422
19495,1858,14669,0,0,0,77489,258,3.1166e+05,0,11884,17758,2613,1163,359,33,4553,17338,3614,638,6961,419,1333,1361,311,715,322,310,228,1828,11759,3673,119,13447,3939,4586,0,980,0,2237,922,2967,2295,3827,2115
1.0789e+05,10457,92,0,0,0,61,2691,3120,0,28,1.8679e+05,32879,11297,2415,138,2445,1.7027e+05,31669,4349,380,1615,10623,11547,1747,7647,737,1410,2505,123,37,0,1499,73117,24548,5280,0,65,0,61,0,0,114,0,0
67091,6248,3705,0,0,0,62633,1230,2.6535e+05,0,495,82407,15501,4791,1435,31,7328,75340,12875,2507,12965,505,5015,5841,979,3968,451,547,1652,2959,30042,8033,425,49627,14749,10519,0,4911,0,7616,4244,10108,7466,11615,5976
1.4151e+05,13764,134,0,0,0,819,3053,7862,0,0,1.6742e+05,28557,13921,2443,609,2746,1.4178e+05,27392,4938,1228,2300,8861,9284,1445,5518,1363,1092,2993,107,592,35,1516,1.0978e+05,35674,7719,0,33,0,63,48,94,70,148,153
1.3072e+05,11196,3536,0,0,0,35340,2910,1.4576e+05,0,1459,1.3805e+05,25849,11268,2010,86,7266,1.1837e+05,21980,5365,9182,1892,7241,7627,1054,4866,1160,673,2811,2204,8857,2384,917,95958,31290,8656,0,745,0,1452,745,2154,1607,2248,1547
1.3152e+05,11276,400,0,0,0,10080,2656,46237,0,244,1.6599e+05,28514,12814,2682,59,3293,1.4329e+05,28162,5225,2415,1921,8860,10767,1834,6920,1276,1135,3827,176,1823,714,1349,1.0618e+05,31225,7454,0,147,0,52,31,189,103,156,101
1.2818e+05,13340,1544,0,0,0,857,3052,8015,0,598,1.689e+05,28880,15942,3526,592,3311,1.3589e+05,25245,6917,598,2929,7795,9722,1981,5101,1046,1017,3703,0,80,72,1355,1.2985e+05,42219,7777,0,0,0,31,0,56,43,132,0
22716,1713,1913,0,0,0,75992,248,3.0531e+05,0,844,22409,4024,1608,515,119,9741,20863,4825,1024,14846,415,1366,1435,531,1571,96,167,407,2255,21054,6097,171,15898,5170,7231,0,2193,0,4183,2091,6409,6103,7895,3769
1.4084e+05,11463,184,0,0,0,246,2151,3427,0,191,1.694e+05,29399,10389,2182,157,2354,1.522e+05,30701,4013,424,1838,10171,10129,1609,6964,951,1119,2703,0,217,25,917,80177,26186,5072,0,11,0,42,41,0,0,69,0
1.1245e+05,12812,246,0,0,0,7946,2763,36219,0,463,1.7032e+05,29206,12665,2560,156,4797,1.4936e+05,30636,4911,2204,2252,8352,10775,2471,6747,1029,1019,3452,94,1751,544,1549,95034,31528,7461,0,66,0,216,97,537,203,318,329
58862,6919,3697,0,0,0,56574,1607,2.1908e+05,0,468,1.1048e+05,19512,6848,1796,35,7586,1.0277e+05,21597,3508,12347,1445,5763,8018,1014,4320,941,781,1844,2430,33597,10079,610,68569,23245,14628,0,2687,0,5639,2676,6303,4744,7805,4112
1.3454e+05,13004,190,0,0,0,1515,4125,11041,0,45,1.653e+05,28633,14041,2420,268,2215,1.3592e+05,25117,5139,1214,2311,8173,10055,1642,4988,1216,936,3172,177,1142,233,1732,1.0792e+05,31527,6819,0,40,0,99,25,118,119,182,74
67965,6152,2720,0,0,0,58270,1578,2.3809e+05,0,400,94510,16037,5958,1643,16,9813,83423,16733,3227,13386,1519,6232,5319,1289,3694,813,749,1756,2026,26838,7176,743,59162,17739,10467,0,2273,0,6441,2614,9716,7766,10642,5024
1.453e+05,12148,1324,0,0,0,17615,2661,64058,0,157,1.5028e+05,26986,11822,2277,35,5703,1.2789e+05,26731,5923,6688,1532,7714,9072,1412,5862,382,978,3025,1146,9223,2812,1527,97415,31944,8191,0,1918,0,3130,1226,4436,3345,6713,4009
1.3806e+05,10686,1367,0,0,0,27865,2834,1.1439e+05,0,354,1.3639e+05,23090,10991,2308,25,6535,1.1895e+05,25576,4668,8111,2118,6407,7828,1657,5356,895,969,2356,1338,9457,2617,1003,94640,31123,8897,0,2000,0,2663,1273,4892,3409,5437,2829
1.2669e+05,10453,3263,0,0,0,51716,1137,1.9201e+05,0,732,98597,16667,8134,1362,196,34033,86880,16934,4537,48358,1999,3949,5315,1784,3838,673,1128,1772,8694,38620,10726,976,63527,19340,14250,0,5505,0,11699,5580,14495,11099,32243,16253
1.3556e+05,10548,1959,0,0,0,20585,2031,82113,0,1200,1.4453e+05,24805,10218,2459,101,7178,1.2132e+05,25979,5647,9152,1912,7748,8609,1815,5276,661,1000,1648,1444,6591,2363,1455,1.0143e+05,31552,7924,0,1620,0,3200,1128,5552,2758,6010,3898
24065,1953,3347,0,0,0,67921,280,2.8279e+05,0,1143,37859,5721,1951,455,45,12099,33488,7050,774,15162,466,2214,2680,794,2191,270,251,389,3156,26344,7644,187,21075,6902,4871,0,7403,0,10567,3938,13397,10184,19686,10107
67100,6835,3643,0,0,0,54361,1309,2.1868e+05,0,244,97551,16831,6390,1557,113,9432,90060,19275,2792,13738,1068,5515,6384,1286,3829,409,664,1324,3316,28045,8967,681,61110,18688,10671,0,4596,0,8936,3762,9935,7480,12178,5423
84563,6780,49,0,0,0,128,2189,2713,0,90,1.7993e+05,32036,8437,2123,76,1996,1.6415e+05,33804,3228,215,1564,9282,11107,1734,6498,709,1467,2060,45,0,31,1171,59254,19407,4498,0,8,0,0,0,30,0,0,0
64856,5512,3776,0,0,0,60144,1254,2.3207e+05,0,542,86687,13913,5827,1587,55,10777,74754,15446,3332,15866,942,5312,4746,1285,3806,461,620,1283,2362,28354,8665,616,53594,16422,9879,0,2973,0,7366,3054,9058,6391,10169,5327
1.0739e+05,9021,3421,0,0,0,37121,2043,1.5016e+05,0,652,1.2715e+05,21893,10108,2315,78,10220,1.0298e+05,20090,5201,16051,1654,7153,8569,1168,3840,705,983,2130,3160,15445,4760,1101,90251,29001,9412,0,2385,0,4592,2167,5204,3709,8190,4790
70707,7069,4268,0,0,0,52863,1029,2.1261e+05,0,298,99872,16759,7662,1597,358,8487,87500,16209,3561,12267,1097,5774,5744,1117,4512,631,488,1279,2969,31666,8776,821,63728,20308,11124,0,3518,0,7360,3519,9184,7473,10840,5376
1.1805e+05,10158,2067,0,0,0,37392,2133,1.5843e+05,0,684,1.1778e+05,18100,9539,2164,48,9321,96974,21356,4794,14133,1173,5811,7630,1238,4823,834,1250,2056,1754,14684,3820,889,86888,27386,9965,0,904,0,3499,1105,3244,1884,4299,2384
1.1819e+05,10616,465,0,0,0,13027,2164,56184,0,216,1.5241e+05,26714,12596,1965,252,5901,1.3412e+05,26710,3608,3837,2208,7539,9196,1738,6056,638,959,2146,853,3158,804,1055,88804,30900,7478,0,566,0,718,352,740,902,1487,714
1.6843e+05,15483,0,0,0,0,114,2291,4812,0,0,1.3696e+05,22165,14296,2686,141,2377,1.0915e+05,20846,5048,771,1864,7374,7469,1307,3690,1056,609,3071,59,0,95,1612,1.1945e+05,38075,7708,0,0,0,10,0,23,77,0,32
90138,8083,1961,0,0,0,44064,1739,1.9831e+05,0,1072,1.0268e+05,18589,8174,1696,163,5385,85435,16799,3404,6941,1419,5439,5468,1406,3498,243,778,2023,1259,4752,1213,875,72053,25223,6714,0,494,0,835,411,975,440,1276,788
93151,8862,1474,0,0,0,30288,2374,1.2083e+05,0,325,1.4051e+05,24551,10161,2030,84,7131,1.2213e+05,24858,4210,11049,1180,7951,7624,1471,4773,656,1154,2885,1534,16408,4495,769,80337,25853,8875,0,992,0,1372,599,2152,1634,1517,917
95253,8252,1483,0,0,0,33919,2073,1.4272e+05,0,538,1.2869e+05,22695,8457,2070,112,8190,1.1533e+05,24196,4801,12185,1710,6990,7453,1073,3802,908,683,2011,1141,16045,4862,1081,70726,22965,7824,0,874,0,1706,866,1935,1377,1559,820
98774,8875,2086,0,0,0,25641,1876,1.1035e+05,0,737,1.3948e+05,24959,7928,1400,188,8344,1.2392e+05,24048,4866,12170,1380,6890,7660,1292,5428,947,704,2165,1350,15337,4010,867,78483,26004,8226,0,2130,0,4475,1310,5245,3096,5059,3023
13631,1019,2146,0,0,0,68363,159,2.757e+05,0,1162,19624,3305,1308,462,0,11516,13366,2684,1059,11503,247,1392,1018,843,1553,36,150,542,2921,6935,2630,136,11628,3665,4874,0,1575,0,3330,1309,2746,2155,5899,2755
88889,7848,2523,0,0,0,48211,1793,2.0126e+05,0,1757,93662,16099,7496,1639,235,4760,79971,15598,3516,3197,1201,5300,5606,1110,3666,380,607,2173,1079,3329,929,724,65530,21535,5241,0,202,0,441,151,244,558,494,219
1.5019e+05,13900,97,0,0,0,31,2906,4565,0,42,1.3872e+05,24272,13801,2792,191,2661,1.0662e+05,21087,5993,662,1968,5708,7862,1244,4363,771,578,3343,31,95,51,1656,1.1761e+05,40325,7791,0,0,0,55,28,0,34,0,21
1.2871e+05,11142,81,0,0,0,3431,3015,17819,0,0,1.4785e+05,25447,14621,2302,93,2969,1.1871e+05,24022,5956,598,2305,7495,7602,1395,4988,1134,746,3436,184,325,179,1200,1.0206e+05,33006,7040,0,0,0,81,87,34,25,90,28
7026,1083,5102,0,0,0,66376,54,2.7018e+05,0,1783,21039,3248,351,395,130,17883,22907,4933,835,23040,604,1647,1525,325,1632,173,94,258,3547,38355,9625,123,11126,3627,6738,0,8655,0,13569,5825,18413,13038,25002,12973
1.3004e+05,13485,97,0,0,0,127,3696,3775,0,147,1.5154e+05,26194,13992,2971,206,2983,1.0338e+05,19504,7715,1067,2632,7178,7985,1563,4702,765,706,3635,259,55,169,1330,1.197e+05,36725,7346,0,0,0,0,26,0,0,0,0
13746,1596,3682,0,0,0,65274,413,2.6714e+05,0,1058,30619,5682,1979,632,66,12954,30031,5320,976,18167,420,2198,2262,604,2423,144,84,255,2837,30023,8451,183,17415,5751,6202,0,6214,0,10628,5037,14275,10947,19712,8948
1.5425e+05,14822,0,0,0,0,94,3903,4175,0,0,1.3154e+05,22807,14613,2456,53,2609,1.0376e+05,20902,5939,831,2263,6907,8634,1738,4722,991,803,3125,61,97,41,1508,1.2513e+05,40101,8087,0,0,0,57,0,33,0,24,0
1.4257e+05,11821,1299,0,0,0,5135,2567,28083,0,956,1.4236e+05,24096,10911,1718,119,5541,1.1572e+05,22688,4608,6006,1788,6709,7437,1509,4890,820,533,2249,996,5561,1444,849,92739,30144,7716,0,1151,0,1509,951,1905,1390,2650,1550
1.2052e+05,10484,3248,0,0,0,29043,2270,1.2422e+05,0,629,1.2039e+05,22259,10882,2293,84,9733,1.0275e+05,19242,4837,15534,1326,5494,4886,1146,4891,821,620,2264,2720,18813,4489,1332,84220,28382,9812,0,2310,0,5313,2373,7618,5236,14188,6089
1.2813e+05,10930,3684,0,0,0,26851,2653,1.1396e+05,0,4333,1.2258e+05,22390,11340,2283,96,3236,1.0293e+05,18737,4948,2469,2003,5222,7264,961,3748,1021,655,2542,250,1250,400,1138,87819,28929,5687,0,10,0,85,112,38,140,98,104
1.1918e+05,11122,230,0,0,0,11616,2480,51114,0,155,1.4505e+05,24425,11097,2086,209,2464,1.2306e+05,25216,4264,2052,1088,5538,9256,1715,5050,694,1156,2719,283,1121,516,1387,87295,25912,6007,0,41,0,114,67,111,174,171,10
32137,2801,4596,0,0,0,58078,579,2.5088e+05,0,647,53779,7637,3251,890,187,8998,47224,10115,1972,14487,1170,2337,3381,453,2635,284,386,729,3079,29555,8598,469,31114,9719,8841,0,4927,0,8395,4147,12981,7164,14998,7906
1.0108e+05,11459,311,0,0,0,3551,2557,17790,0,57,1.5607e+05,26554,11093,2087,313,3874,1.3045e+05,26381,4548,2794,2108,7047,8680,1174,5398,926,952,2842,353,1849,546,1289,87211,28553,6727,0,92,0,254,158,450,279,435,362
1.0234e+05,8947,200,0,0,0,300,2164,3077,0,115,1.5539e+05,28725,9904,2174,284,1934,1.3859e+05,28010,3566,613,1533,7397,8756,1269,5197,736,860,2083,81,0,0,1243,73078,23062,5002,0,0,0,0,0,0,0,45,66
1.1666e+05,10571,490,0,0,0,12940,3302,51948,0,299,1.418e+05,24425,11059,1885,302,4722,1.2224e+05,21926,4577,4186,1754,7510,7353,1341,5683,374,617,1957,431,3630,1016,1077,84575,25318,6178,0,64,0,248,139,261,234,366,278
1.1184e+05,9834,3150,0,0,0,19623,1924,81288,0,2323,1.3792e+05,23557,10197,1377,147,7644,1.1634e+05,23313,5025,7978,1656,7041,8337,1245,4584,765,688,2673,1027,7889,2539,1281,79556,24425,7484,0,1058,0,2261,1145,2890,2614,5135,2747
1.103e+05,7866,2408,0,0,0,22545,1729,93797,0,195,1.3154e+05,22645,9439,2115,122,6515,1.1545e+05,22358,4661,6575,1866,7170,7836,1388,5341,870,690,2302,1021,10629,3063,783,80569,26230,7729,0,2631,0,4817,1897,7008,4305,7336,3929
1.2801e+05,10338,1796,0,0,0,21968,1878,83861,0,605,1.2617e+05,22041,9332,1587,117,5646,1.0776e+05,18942,4347,7401,1959,7056,8055,1374,4794,685,1011,2168,1578,8288,2299,997,88575,28667,8074,0,947,0,1346,810,1775,943,2089,1079
25821,2656,3873,0,0,0,62391,400,2.4815e+05,0,579,41807,6308,2043,409,48,11039,39032,6652,1824,14084,446,1609,2541,696,1741,379,193,490,2779,26758,7261,189,22797,6519,7050,0,5617,0,8720,4331,12015,8605,14892,7797
56728,5138,4635,0,0,0,49650,889,2.0691e+05,0,418,81192,16596,5630,1729,133,6280,72646,15402,2857,10377,1008,5050,4713,815,4169,321,484,1599,2938,23458,6738,351,52307,17539,9806,0,3887,0,6059,2806,7705,6102,11201,5584
1.5266e+05,12452,250,0,0,0,124,2450,4368,0,0,1.2662e+05,20584,14069,2518,101,2246,95377,18909,5059,567,2171,5703,7865,1694,3500,914,816,3197,0,114,0,1696,1.1427e+05,36392,7217,0,0,0,74,0,66,77,0,0
24398,2331,4528,0,0,0,60206,764,2.3878e+05,0,1032,46410,6879,2808,658,83,11780,41914,8838,1555,15933,487,2724,2691,487,2144,181,344,492,3881,28275,8566,76,25815,8777,7175,0,7968,0,13423,6100,19657,13193,24821,12084
42401,3163,3511,0,0,0,56932,628,2.2713e+05,0,445,57489,9001,3585,759,39,8834,53062,11217,1738,14620,520,3284,3510,824,3002,314,581,746,2591,27147,8862,334,34515,11098,8391,0,5841,0,9793,3637,11967,8657,16157,8707
1.1519e+05,7451,22,0,0,0,413,1451,3691,0,52,1.4256e+05,26752,7988,1545,272,2366,1.2416e+05,23741,3942,477,1491,7189,9795,728,5755,789,818,1684,137,54,58,1114,67422,22060,4385,0,2,0,0,0,0,0,0,0
92271,8701,1218,0,0,0,18772,2065,70462,0,244,1.3085e+05,24366,9177,2152,198,4992,1.1481e+05,23692,4298,6088,1554,6711,8230,763,4869,345,837,1988,1076,7357,2432,822,86213,26325,7289,0,1677,0,2174,1501,4082,2321,4590,2267
1.145e+05,9179,148,0,0,0,117,1923,3411,0,0,1.382e+05,25445,8124,1462,175,2297,1.2247e+05,22779,3584,307,1514,7450,7821,1409,5335,677,643,1796,8,0,50,706,66575,23182,4092,0,0,0,0,0,0,0,0,0
1.2444e+05,12295,234,0,0,0,2067,2134,12819,0,152,1.3264e+05,22479,12326,2570,171,2314,1.0392e+05,20092,4106,418,1596,5965,7285,1534,4517,668,606,1956,38,177,153,970,89778,28117,5251,0,31,0,0,0,0,138,0,13
1.1103e+05,7927,964,0,0,0,996,1751,6049,0,793,1.3699e+05,22970,7738,1541,205,2027,1.2368e+05,24198,3469,637,1550,7632,8483,1123,4965,982,554,2017,133,321,49,976,67627,20851,5296,0,0,0,0,34,33,61,158,32
86096,7404,3447,0,0,0,32620,1520,1.2693e+05,0,655,1.1156e+05,20629,6643,1501,144,11898,1.0155e+05,20061,3447,19592,1060,5467,6225,634,4524,765,516,1432,2802,26262,8892,921,62043,20063,8836,0,3172,0,6814,2009,6902,5399,10432,5142
73489,6527,135,0,0,0,36,1785,1731,0,31,1.525e+05,24567,7765,1895,36,1365,1.409e+05,26159,3287,153,1318,8770,9235,1183,5031,641,831,1877,0,2,78,1000,50367,15766,3386,0,0,0,0,0,0,0,0,22
1.1366e+05,9534,1125,0,0,0,28419,2372,1.126e+05,0,714,1.0702e+05,18985,8738,1896,251,5010,90757,18296,3872,5723,1911,5612,6907,1255,3799,1028,747,2427,905,4975,1479,1006,80146,23442,7116,0,244,0,378,73,396,304,695,331
92838,9139,1013,0,0,0,25564,2490,1.0751e+05,0,310,1.1924e+05,20816,8994,2011,181,6050,1.0383e+05,20271,3914,9728,1474,6659,7441,955,4402,508,481,1368,1030,8038,2554,768,62730,21778,5460,0,271,0,431,130,698,648,894,525
1.1021e+05,9184,192,0,0,0,3963,2020,15801,0,107,1.3563e+05,21739,9277,2085,176,2819,1.1461e+05,23038,3434,1777,1762,6403,6920,1479,4923,747,1054,1975,162,1218,256,1265,74244,25554,5402,0,60,0,0,20,64,38,112,49
1.1534e+05,10132,2090,0,0,0,16004,1663,71066,0,1311,1.1366e+05,23114,9072,1996,268,8685,1.0277e+05,19651,4644,12729,1274,5954,7513,1161,4867,648,459,1604,3120,9889,3296,1232,86887,31318,8848,0,1968,0,4197,1868,5970,3621,8063,3543
91765,8352,115,0,0,0,213,1892,2249,0,0,1.4001e+05,25954,8600,1954,45,1524,1.2433e+05,25583,3708,577,1562,7182,9002,972,5040,1080,956,1758,39,35,34,740,69546,20714,3622,0,0,0,30,121,0,0,0,0
1.2692e+05,11164,126,0,0,0,399,2126,4066,0,118,1.2819e+05,21876,11225,1689,103,2246,1.0342e+05,20506,4040,959,1606,6777,6956,1267,3862,1083,634,2801,38,334,125,1271,82152,26730,4363,0,15,0,59,0,73,104,128,67
1.1563e+05,9764,3061,0,0,0,20778,2282,79588,0,928,1.1444e+05,17914,8279,1677,67,6576,98052,20633,5222,9452,1471,5709,6950,1055,4366,582,914,2425,2569,11335,3669,1114,77798,26220,7170,0,2562,0,4348,1739,4981,3472,7393,3481
1.0432e+05,10813,150,0,0,0,2369,1893,11234,0,54,1.3305e+05,21973,9328,2091,48,2701,1.1402e+05,21242,3807,1384,1344,7151,7874,1265,4145,832,910,2887,190,478,278,1032,78567,26308,5882,0,34,0,60,77,172,95,69,133
1.0176e+05,8031,3648,0,0,0,19635,2120,83378,0,1867,1.1846e+05,20425,9159,1417,230,5314,99149,21732,4293,6920,2046,5799,7193,1333,5398,539,572,1907,1887,6901,1717,810,80414,26301,7037,0,585,0,1592,696,2250,1796,2581,1004
1.1573e+05,10600,958,0,0,0,8402,2843,40321,0,828,1.2256e+05,21869,11143,2192,122,2809,99656,20233,5727,1231,1324,7249,7008,1090,4526,656,678,3196,266,603,166,970,90982,29703,6652,0,16,0,28,0,0,30,23,41
66323,7004,128,0,0,0,0,1411,1430,0,66,1.5247e+05,25893,7815,1886,204,1533,1.3459e+05,28049,3192,345,1498,9286,8801,1015,5987,993,960,2286,71,0,0,742,46387,14734,2941,0,30,0,0,0,0,0,0,0
1.2031e+05,9011,440,0,0,0,11865,2277,46920,0,246,1.228e+05,18889,9918,2572,0,2813,95651,19678,4830,1429,1456,6224,6552,1217,2887,1008,475,2103,60,817,231,976,85234,29594,5896,0,83,0,63,24,23,84,18,73
1.1827e+05,9926,682,0,0,0,2667,1947,15962,0,27,1.2912e+05,23551,9463,2143,58,2660,1.035e+05,20357,3221,1678,1632,6791,7794,1158,4648,781,1132,2586,285,849,220,640,74911,25032,5193,0,59,0,83,10,96,196,335,227
87022,8046,2271,0,0,0,28285,1004,1.1592e+05,0,522,1.1189e+05,16589,6735,1257,68,10142,96335,17555,3321,16692,1591,5647,5567,889,4737,644,420,1737,2209,19384,5506,580,58176,20720,7047,0,1447,0,3423,1003,3452,3003,4265,1987
99905,8659,392,0,0,0,9421,2222,43358,0,119,1.3008e+05,21925,8327,1466,239,4111,1.1012e+05,23478,3714,3266,1681,6263,8664,1299,5056,659,1499,2051,393,2865,766,869,68274,21649,5221,0,168,0,135,19,282,216,185,33
1.4224e+05,12684,82,0,0,0,98,2455,3143,0,39,1.1421e+05,18901,11011,2720,91,2208,90586,17812,5158,702,1594,5013,6456,1453,3401,876,594,3159,84,0,114,1289,97251,31184,6329,0,0,0,110,23,0,0,0,0
88124,7934,675,0,0,0,283,1847,2069,0,249,1.3734e+05,24687,9232,2135,117,2069,1.1981e+05,24632,3569,311,1118,7209,8474,1371,5079,730,735,2002,62,136,34,1162,70237,20922,4246,0,0,0,0,0,0,0,0,15
1.0115e+05,8629,1802,0,0,0,27162,1731,1.1367e+05,0,138,1.0302e+05,17560,8572,1505,125,7233,88088,18301,3701,10618,949,6122,6544,1265,4373,574,397,2563,1562,17038,4498,967,72589,22263,9813,0,2222,0,4072,1462,6796,3201,7133,3598
1.0307e+05,8368,2093,0,0,0,15024,2095,67132,0,757,1.2058e+05,21062,9088,1787,121,6835,96886,18796,4260,9853,1769,6627,7399,1304,4439,580,594,2571,1084,6342,2095,890,81581,26262,7525,0,1877,0,2844,1588,3934,3002,5508,2996
59365,5619,4329,0,0,0,44364,1587,1.7589e+05,0,485,77328,13367,4831,1320,202,13767,68704,13728,2565,18032,672,4363,4252,1157,3855,697,549,1245,2997,37290,10895,478,44480,16552,10659,0,3867,0,8468,3015,10540,7087,14588,6133
96979,8204,2857,0,0,0,7123,1963,33520,0,1447,1.2403e+05,21718,9851,2552,232,4960,1.0569e+05,23561,4028,5712,1756,7762,7451,1196,5766,700,806,1762,1777,5600,1743,931,84072,24598,6058,0,1510,0,2843,1761,4973,2988,6197,2439
94372,9493,2848,0,0,0,20274,1971,90477,0,2218,1.1064e+05,18937,8703,1808,259,5773,95666,18892,3924,10629,1714,5655,7635,1382,3990,724,576,1625,3503,11715,3358,1184,76400,24981,7671,0,1844,0,5017,2611,6072,4247,8112,3934
1.0338e+05,9031,381,0,0,0,7597,1764,29937,0,30,1.2522e+05,21018,10259,1439,148,2072,1.068e+05,21161,3897,1230,1436,6322,7277,791,4607,600,813,2372,206,1198,297,817,76378,22467,4961,0,98,0,77,0,308,47,123,125
7780,750,3696,0,0,0,56863,304,2.2744e+05,0,1881,18176,3195,1027,152,89,15806,20693,3963,520,21612,245,939,1123,291,1469,192,48,167,2888,28084,7577,20,11567,4046,5544,0,8396,0,14341,6367,20645,14982,24428,12736
80490,6121,2593,0,0,0,35193,1737,1.474e+05,0,1433,92545,15580,6911,1490,124,5541,73127,15679,3173,8104,1035,4598,4930,855,3604,537,881,1442,1752,7543,2592,375,63340,19147,6162,0,484,0,1297,694,1200,929,1223,650
1.1658e+05,10820,74,0,0,0,232,2044,3512,0,0,1.2328e+05,21996,10821,1931,90,1810,1.017e+05,19143,4608,705,1768,6450,7455,1401,3282,604,852,2735,42,47,0,1945,76399,25653,4553,0,0,0,30,0,22,0,0,0
69651,6200,39,0,0,0,213,1418,1404,0,40,1.4443e+05,24360,6031,1642,80,1583,1.2784e+05,26349,2792,504,1374,7710,9723,1215,6038,617,817,1904,51,0,13,720,48272,14101,2756,0,0,0,0,0,46,0,19,0
99435,9250,475,0,0,0,9144,2079,40625,0,119,1.2255e+05,21449,8736,1877,72,3392,1.0818e+05,22655,3836,3797,1400,6095,6682,997,5352,777,487,2307,517,2025,462,770,72209,22283,4274,0,106,0,273,20,322,332,241,117
1.0774e+05,9185,683,0,0,0,9176,2199,39343,0,560,1.1919e+05,22026,8847,1758,75,5272,1.0357e+05,18786,3477,4266,1269,4817,7442,1368,4537,1381,699,2660,517,3363,1030,1161,67947,24269,5468,0,731,0,1261,574,2147,1182,2031,908
7196,493,3663,0,0,0,54520,117,2.2394e+05,0,759,17301,2881,943,382,76,14119,19337,4367,911,21459,170,1564,921,408,1359,76,231,136,3313,30799,8650,66,11570,4060,6061,0,8682,0,13746,6085,20385,13764,22762,11841
85407,7799,1717,0,0,0,33128,1718,1.4081e+05,0,1087,90073,15305,6561,1670,354,5592,73760,15810,3466,7768,1331,4885,4747,778,3694,720,674,1507,2074,8637,2638,502,63779,20804,5615,0,625,0,2205,885,2351,1167,2831,1287
9049,602,5233,0,0,0,54058,86,2.2343e+05,0,1429,19221,3069,810,264,0,15350,19568,4326,949,18823,178,962,1276,335,1287,176,257,203,3088,26221,8303,32,11570,4530,6137,0,7110,0,11524,4099,17339,11091,20602,10978
83776,6799,471,0,0,0,289,2090,2968,0,228,1.3134e+05,23211,8533,1814,143,1822,1.1778e+05,22989,3488,472,1244,6874,8027,1186,4973,539,916,1690,0,35,0,904,65329,22548,4262,0,25,0,0,0,23,0,0,0
1.1939e+05,8883,1470,0,0,0,17291,1902,65835,0,131,1.0865e+05,19026,8635,1353,123,3910,93154,18200,4004,6519,1071,5504,6570,1343,4722,796,459,2087,1075,8823,2362,638,68728,22956,6819,0,1759,0,2558,1189,3903,2774,4522,1983
81687,7547,6395,0,0,0,28866,2001,1.2197e+05,0,4476,98421,16033,8092,1747,282,10287,84716,15833,3669,12731,1290,5566,5960,1342,4241,629,721,1645,2929,8422,2527,1221,64506,19994,7215,0,1764,0,6200,2489,8390,5302,8120,4576
93776,6961,177,0,0,0,139,1871,3229,0,0,1.3049e+05,21811,8835,1947,75,1764,1.0992e+05,21307,3854,303,1464,6106,7208,1630,4680,821,788,1794,19,0,89,524,62343,21054,4225,0,43,0,0,1,0,31,5,0
86519,7330,2357,0,0,0,34912,1147,1.4141e+05,0,2755,82612,15580,7404,1361,190,3752,74042,13074,2782,4245,1380,4712,4802,1086,3565,453,827,1095,1000,3539,1026,826,61119,18589,4513,0,403,0,355,141,514,411,680,434
1.0301e+05,9334,189,0,0,0,4234,2119,19977,0,0,1.2047e+05,18931,9883,1786,184,2227,1.0342e+05,20693,2911,802,1331,5017,7200,991,4414,504,822,2242,155,1301,322,709,71265,22768,5501,0,71,0,88,180,97,269,276,126
99536,9570,411,0,0,0,6475,2987,24984,0,20,1.1848e+05,21105,8977,1831,83,2672,1.0207e+05,20820,3648,2630,1995,5512,7039,1070,4646,641,940,2091,296,1629,358,1097,71611,23559,5441,0,122,0,292,105,546,454,666,226
1.1236e+05,13629,1742,0,0,0,200,2686,7186,0,636,1.1739e+05,19152,14370,2015,580,1943,94722,19151,5072,741,1881,6211,6547,2201,4911,1540,856,3722,0,30,38,1592,72495,22390,3705,0,69,0,69,0,50,0,87,0
72398,6001,3187,0,0,0,44219,1106,1.8056e+05,0,4784,57675,10005,4966,1039,95,2699,46242,9445,2514,3106,922,3345,3323,643,2243,482,315,1807,435,4136,594,748,42217,13233,4118,0,350,0,928,456,1678,1103,1609,947
1.221e+05,11550,41,0,0,0,410,1711,4538,0,55,1.1302e+05,19625,10602,1570,116,1901,93193,18814,3599,451,2182,5343,5735,1312,4404,977,543,2534,36,206,61,1275,75601,23450,4567,0,0,0,27,73,33,37,44,25
90232,7859,407,0,0,0,170,1228,2989,0,105,1.2471e+05,20360,7599,1409,119,1818,1.0916e+05,22348,3768,268,1263,6897,7914,847,4230,576,788,1974,0,58,0,621,62627,22263,4239,0,0,0,0,2,0,0,0,0
1.0134e+05,10041,219,0,0,0,6121,2213,28596,0,259,1.1651e+05,20241,9800,1869,77,3603,1.007e+05,19366,3462,2026,1589,6164,5206,1058,4704,495,888,2336,289,1131,481,1099,66644,20930,4106,0,89,0,197,0,179,205,529,234
90932,7161,1407,0,0,0,625,2144,2964,0,1238,1.2472e+05,21927,8093,1806,101,1517,1.1194e+05,22427,3382,238,1028,6324,7141,1376,5209,351,417,1999,135,359,105,847,54465,17339,3223,0,33,0,19,0,35,16,85,0
1.0618e+05,7980,948,0,0,0,5705,1832,33575,0,495,1.1496e+05,20137,10439,1500,109,4349,96853,19235,3352,3510,1373,5702,6951,1850,3508,591,815,1871,832,2249,692,1187,66133,23219,5172,0,387,0,1179,255,1361,1182,2094,1141
55794,5693,3308,0,0,0,37826,1239,1.6192e+05,0,383,73120,13995,4131,1569,69,11866,67816,13537,2505,18339,963,3494,4507,520,2749,377,453,1001,3649,39245,10439,539,43662,13517,10471,0,4840,0,10044,4876,13529,9492,17149,8434
33707,3723,2742,0,0,0,49527,233,2.0571e+05,0,786,33233,4965,2849,842,84,10966,24984,4337,1818,14169,779,1714,1863,836,2230,209,199,416,4549,13350,4192,154,24373,8160,6583,0,4206,0,6811,3871,9088,6043,12656,6260
18855,2126,4607,0,0,0,53370,244,2.1374e+05,0,5456,19071,3282,1433,581,202,4514,13232,2375,890,4465,345,843,1114,616,1475,143,364,500,1197,2398,973,226,12581,3753,2396,0,520,0,1144,290,700,640,1873,841
98200,7418,0,0,0,0,401,1170,2720,0,31,1.2132e+05,20273,7865,1859,67,1479,1.0742e+05,20137,3163,622,1410,6527,7054,1099,3906,473,639,1405,34,0,16,1006,54895,20363,3849,0,0,0,56,0,0,90,8,0
89622,7890,38,0,0,0,202,2071,2238,0,0,1.2465e+05,20576,8013,1768,325,1353,1.1015e+05,22842,2319,408,1323,6449,9278,1607,4869,726,754,1878,88,37,0,1257,51263,16039,3552,0,0,0,0,26,0,46,0,0
1.156e+05,9840,30,0,0,0,0,2592,3899,0,65,1.1198e+05,20764,10517,2089,238,2054,80826,15583,4227,489,1328,6208,6060,823,3665,771,637,2416,21,10,0,1003,90276,27022,6134,0,0,0,41,25,0,0,0,0
95081,8582,2644,0,0,0,30211,1937,1.2111e+05,0,799,83049,13954,7849,1487,56,8557,67189,12831,3894,10455,1896,4479,5306,959,3870,561,644,1745,2439,7368,3089,813,69204,21417,6479,0,1967,0,3433,1406,4512,3487,8688,3997
44658,4089,5295,0,0,0,44309,1128,1.8294e+05,0,5170,55595,9321,4141,1110,38,4479,50556,9489,1922,4521,1138,2869,2761,1136,2218,355,337,1676,1560,3607,1194,422,34235,11180,4067,0,762,0,1938,693,2234,1535,2696,1292
1.1248e+05,10580,1429,0,0,0,7354,2145,28543,0,761,1.0917e+05,21639,9131,2085,76,4892,90220,18916,3733,5594,1524,4528,6356,1444,3736,711,785,1799,798,4221,1216,1160,68499,23883,5696,0,686,0,1444,607,1966,1618,2472,1524
97988,7753,2599,0,0,0,23934,1587,1.018e+05,0,1015,91890,14956,8720,1725,28,8115,76555,14862,3882,12851,1078,3969,4616,1229,3463,673,656,1467,2065,12862,3505,525,64545,20655,6953,0,2659,0,5363,1971,7609,4526,8831,4200
1.0835e+05,9248,0,0,0,0,113,2072,3337,0,171,1.0771e+05,18860,11620,1940,67,1632,82796,15663,4491,543,1790,5048,5709,1367,3432,687,988,2764,108,17,29,963,99910,31238,6013,0,0,0,16,61,0,0,0,0
14729,1340,3000,0,0,0,50394,284,2.0671e+05,0,722,23290,3856,1326,421,0,9900,23451,4467,982,12467,276,1115,1745,354,1083,131,332,239,1920,23758,7620,177,12877,4390,5579,0,4536,0,8407,3478,11112,6948,14426,6315
1.1071e+05,10795,144,0,0,0,155,1864,3069,0,38,1.1702e+05,19856,10910,1652,216,2466,81998,16557,3988,622,1619,4324,5987,1092,3199,655,822,2786,51,168,15,1208,76083,22068,4367,0,0,0,0,27,56,0,33,68
89538,7337,2295,0,0,0,10509,1612,45534,0,1112,1.0704e+05,17902,8848,1928,93,6477,95461,19282,3893,9246,1643,6118,5748,1169,4462,936,493,2136,1313,8336,2169,1036,79487,23970,7167,0,1980,0,2819,1389,4570,2662,5613,3318
99983,9124,1786,0,0,0,9735,2147,43051,0,660,1.0528e+05,17721,6448,1763,126,7052,91690,16374,4104,10603,1598,5827,7111,875,4153,446,643,1517,1386,7261,1763,936,77265,23678,6581,0,1292,0,2912,1207,4963,3126,5178,4007
92121,7671,173,0,0,0,4678,1882,25659,0,214,1.1814e+05,20489,8956,1978,161,2630,95430,20861,3380,1672,1766,5415,6225,1660,3848,775,671,2101,215,549,126,1171,65644,19507,4275,0,127,0,90,48,191,139,138,4
1.2118e+05,9833,1082,0,0,0,15344,1717,60411,0,565,99226,17434,8877,1392,171,4722,74900,14833,4365,5432,1512,4667,5234,1105,4016,483,726,1728,1926,4015,1115,733,71139,21342,6102,0,737,0,1405,858,1492,1501,3179,1545
14151,2328,4897,0,0,0,46862,333,1.9903e+05,0,700,31724,5370,1746,564,47,8946,31916,6789,979,13791,676,1950,2058,459,1474,228,323,477,2713,21357,6511,126,20608,6537,5432,0,8255,0,11872,5788,17172,12955,21548,10319
24594,2183,4521,0,0,0,46139,567,1.9252e+05,0,1328,38128,6471,2580,488,65,11450,38784,7981,1306,16861,779,2408,2655,634,2098,200,525,531,3248,27552,9261,141,22993,7425,6531,0,7613,0,12537,6341,18488,11941,20502,10457
81140,7453,24,0,0,0,303,1027,2496,0,0,1.2044e+05,21054,7150,1402,206,1787,1.0784e+05,19591,4158,447,1144,6217,6703,847,4495,605,858,1639,30,97,0,699,56259,20150,3675,0,0,0,0,19,0,0,0,99
1.0538e+05,10113,0,0,0,0,539,2256,5998,0,0,1.0903e+05,18066,10208,1838,47,2387,94816,17256,4258,1182,1626,6037,7113,1282,4119,1051,691,2344,155,729,171,1256,68438,23821,5031,0,0,0,113,0,49,163,153,130
94439,10306,136,0,0,0,412,1810,5395,0,35,1.1738e+05,19730,7795,1626,18,1627,96013,17855,3086,808,1769,5524,5666,1414,3743,691,563,1784,34,266,157,866,63499,21410,4289,0,35,0,94,77,78,269,65,46
1.0152e+05,7770,0,0,0,0,747,1479,4162,0,0,1.0931e+05,19272,9605,1898,101,1739,95358,17493,3348,923,1560,6167,6295,917,3899,676,1038,2431,151,431,123,1120,71108,23699,3921,0,23,0,43,0,102,107,162,86
1.0726e+05,11414,145,0,0,0,0,2832,2746,0,14,1.0715e+05,19558,9212,1723,0,2155,82777,16273,3843,514,1862,5844,5362,690,2973,683,610,3111,0,76,140,925,85048,27765,5755,0,0,0,0,90,0,35,95,39
1.1133e+05,8821,464,0,0,0,1403,2123,9960,0,79,1.0851e+05,18371,9646,1705,189,4573,85918,19060,3585,3932,860,5032,5581,1237,3943,454,810,2383,898,2441,669,1010,71517,22194,5108,0,719,0,1058,419,1733,1553,2368,1519
99262,8908,85,0,0,0,414,1872,5000,0,27,1.1024e+05,18752,9794,1934,171,1871,92472,20384,4218,965,1536,5670,6384,1342,4106,685,508,2383,0,200,49,1259,72081,22221,5181,0,39,0,72,39,152,87,257,72
90896,7208,225,0,0,0,5917,1840,26475,0,103,1.1418e+05,19672,9242,2214,167,2281,94364,16885,2981,2048,1035,5724,7599,927,4024,563,347,1982,27,837,686,966,65100,22510,4503,0,55,0,114,42,43,36,101,113
70207,5853,2014,0,0,0,23020,1458,1.0198e+05,0,562,96857,15890,6151,1319,35,11285,85496,17460,2828,16276,1560,4861,4796,1129,3365,566,303,1500,1968,15800,4692,508,55394,17850,6365,0,1647,0,2738,1329,3610,2681,5205,2505
1.0761e+05,10578,151,0,0,0,947,1738,5637,0,64,1.0849e+05,19562,10154,1610,249,1663,89115,18822,3884,547,1526,5585,7102,1168,3695,912,873,2494,58,20,54,1344,69959,22335,5341,0,69,0,103,0,0,25,63,61
54026,4977,5375,0,0,0,40033,1553,1.5872e+05,0,3363,67286,11271,5064,1321,92,7043,55995,11653,2551,9088,881,3243,3394,961,3092,780,277,1021,2626,7231,2184,392,41628,15136,4735,0,2017,0,4768,2685,7402,4701,7384,4069
1.2299e+05,11570,91,0,0,0,0,2824,3466,0,86,99825,17107,10979,1977,34,1992,77260,15390,4935,697,1911,4521,6028,1668,3294,728,741,2428,113,0,20,830,87769,26243,5141,0,0,0,1,75,45,55,0,0
1.021e+05,7930,1328,0,0,0,6757,2430,32875,0,443,1.0839e+05,19295,9866,1901,148,5189,90875,19709,3402,5081,1399,4947,6664,1321,4526,408,542,1868,664,2252,1105,982,60216,20446,4446,0,547,0,1381,519,1640,1046,2746,1701
96531,8889,1178,0,0,0,2970,1252,12885,0,826,1.0655e+05,19713,9009,2183,40,5030,94860,18059,3728,5096,1457,6028,7021,845,4300,440,539,2100,494,3619,845,742,73824,22167,5396,0,939,0,2250,629,3722,2391,4149,1756
84200,7800,754,0,0,0,13472,2144,55897,0,252,1.095e+05,19248,7179,2018,133,4372,92029,17597,3006,5234,1169,5156,6515,1166,3836,342,692,2324,307,4290,1410,895,61348,17787,5817,0,99,0,298,138,534,193,520,273
1.0887e+05,8328,204,0,0,0,782,1588,6829,0,31,1.0365e+05,18266,8443,1317,49,3122,89589,18718,3190,2293,1147,5691,5840,1512,2477,570,820,2493,113,542,293,1011,70865,22517,4246,0,250,0,408,91,812,440,1038,356
22389,2110,3367,0,0,0,46933,504,1.9406e+05,0,406,28565,4340,1246,470,62,9623,27103,4843,984,13919,99,1733,1267,313,1946,170,289,282,2792,32898,9410,286,18059,6150,7867,0,4921,0,8886,4252,13930,10567,18083,9382
93063,7971,1355,0,0,0,10708,1400,47951,0,525,1.0245e+05,16774,8155,1501,74,3927,89101,18057,4252,5148,1977,5052,5980,798,3853,691,554,1604,921,4660,1343,1009,71765,20539,6088,0,639,0,1672,720,1454,1143,2434,1660
48804,5012,2611,0,0,0,41763,1078,1.5148e+05,0,506,68114,10977,4871,1016,90,11227,64457,13708,2343,14733,770,3584,3512,679,3325,593,553,1040,2446,25312,7831,484,38521,14242,7741,0,3950,0,7374,2364,9284,7387,15116,7624
8748,1052,4104,0,0,0,48788,163,1.9955e+05,0,877,17101,2524,853,667,22,14188,17518,2759,730,17206,265,1134,1197,440,1372,103,125,88,3322,25727,7440,35,10738,3714,6042,0,7998,0,12233,5488,17221,13233,20453,12321
8123,1036,4020,0,0,0,48826,329,1.9816e+05,0,863,18107,3130,1033,189,129,14117,20454,3769,580,19905,240,1192,1453,278,1513,165,334,369,3242,31223,8181,88,11414,3024,6318,0,8116,0,13536,5849,16804,12656,26742,13115
22077,2171,2928,0,0,0,47443,650,1.8556e+05,0,512,41747,6315,2985,441,0,6967,38640,7419,1396,12998,314,2548,2656,418,2137,225,221,492,2480,23665,5910,274,25141,8269,6533,0,4882,0,7867,2969,9316,6291,12665,5695
89127,8962,180,0,0,0,349,2027,3493,0,131,1.1239e+05,18590,7593,1642,57,1150,94304,19608,3522,406,1231,5515,6949,760,3922,730,512,2392,1,251,88,719,67716,21283,4725,0,25,0,99,0,67,0,39,2
21387,1623,3616,0,0,0,47699,603,1.9308e+05,0,1122,25526,5134,2574,419,125,11893,22190,4373,1452,20773,560,1855,1280,554,1281,311,216,195,5040,17994,5772,265,21140,6077,8298,0,4288,0,8606,3744,11707,7693,14815,7338
1.0042e+05,8545,101,0,0,0,287,1541,4475,0,54,1.0573e+05,20848,10392,2553,151,1401,90335,17462,3750,540,1875,5532,5474,1053,3594,1033,555,2109,7,244,0,1316,70567,23714,4754,0,0,0,0,39,34,0,16,24
79425,8538,52,0,0,0,90,1643,1966,0,0,1.1931e+05,22839,8239,1699,55,1550,1.0582e+05,22445,2776,260,1356,6348,6830,1367,4206,699,608,1790,165,0,19,1307,43326,14411,3073,0,0,0,0,0,0,0,39,57
75237,7897,2043,0,0,0,23273,1222,99316,0,129,90461,16198,7027,1672,76,5092,81705,16320,2575,6333,1634,4149,6207,1047,3633,399,719,1428,949,9158,2955,712,59374,18574,6633,0,2889,0,4222,1788,7261,4106,7374,4734
68960,7207,3799,0,0,0,27343,1652,1.0292e+05,0,2505,90194,14173,8243,1718,229,4284,77336,15085,3357,4976,2010,5562,4789,1176,4048,630,377,1508,1641,4596,1698,805,64933,20439,5467,0,579,0,1981,985,2379,2041,2390,1061
59322,5479,3008,0,0,0,35621,941,1.516e+05,0,3128,66771,12608,5534,1319,83,1389,54352,10655,2470,1492,823,2678,3838,714,2630,566,270,1139,136,1349,169,353,45879,14318,3671,0,23,0,18,41,103,18,0,18
1.022e+05,9253,0,0,0,0,46,2009,2713,0,27,99187,18155,10521,1966,95,1930,79017,15351,4427,617,1435,4143,5282,700,3196,991,705,2779,108,10,69,1004,91936,30121,5877,0,65,0,55,0,0,0,0,66
96250,9129,0,0,0,0,435,1488,3472,0,0,1.0723e+05,17700,8052,2228,101,2081,90945,17909,3700,1196,1171,5326,6663,1272,2948,595,505,1616,105,586,120,711,61922,21423,4007,0,65,0,59,88,116,327,310,88
66589,5409,3656,0,0,0,36724,1151,1.5098e+05,0,798,55383,9731,5596,1572,132,13215,50366,10021,3165,20960,1217,2609,2357,788,2962,476,522,1067,3342,14851,4221,659,45086,15079,7078,0,4187,0,8659,3549,10603,7481,15325,7831
84770,7018,40,0,0,0,3437,1781,17708,0,42,1.1067e+05,19948,8239,1400,85,2555,91860,18494,3359,1695,1118,5323,6127,1193,3779,549,921,1812,56,794,327,1052,60316,20157,4040,0,217,0,225,89,226,89,216,170
1.0806e+05,9549,152,0,0,0,618,1531,3327,0,161,1.0349e+05,16158,8687,1173,76,1641,86764,17836,2899,1234,1438,5868,4716,1137,3425,553,763,1906,172,221,20,1015,58130,18133,4486,0,18,0,87,184,486,156,582,161
91183,8183,84,0,0,0,159,2439,2592,0,0,1.056e+05,18413,9684,1993,118,1472,90727,18569,3970,947,1238,5006,6361,1072,3290,344,568,2725,185,281,16,883,66491,21422,4911,0,0,0,77,0,0,0,0,107
99870,8233,115,0,0,0,375,2097,4528,0,21,1.0192e+05,17942,8855,1386,266,2688,88758,19087,3213,750,1145,5213,5656,1038,3766,548,720,2220,49,466,270,1147,65818,19646,4131,0,0,0,0,0,135,111,40,38
59473,4825,108,0,0,0,0,1043,1591,0,0,1.221e+05,20916,4475,1707,42,854,1.1046e+05,21364,2620,207,1012,6938,6527,1214,4459,612,906,1508,37,74,0,670,39583,12432,2943,0,30,0,0,63,0,0,0,0
14312,1379,2842,0,0,0,46332,195,1.8867e+05,0,524,23442,3553,1078,441,0,10195,22698,4282,1186,14060,197,1461,1418,305,1115,255,109,296,2280,25870,8145,128,13959,4191,5293,0,4641,0,7669,4048,10863,7596,14916,7595
52625,4727,3717,0,0,0,32851,1079,1.2915e+05,0,642,77666,13025,4419,1348,22,10383,68759,13109,2038,14637,906,4142,4663,966,2354,562,456,955,2833,20891,4983,771,41148,13510,6396,0,6074,0,8739,4530,13687,8898,16213,8243
87496,8119,153,0,0,0,353,1879,3720,0,0,1.0556e+05,17470,10395,1988,60,1920,90495,16472,3162,670,1561,5456,5571,1181,3966,864,385,3014,31,426,121,1448,66579,21229,5154,0,34,0,74,60,70,33,388,26
82041,7554,2886,0,0,0,17631,1336,66808,0,3248,95931,15141,7683,1311,23,1392,77577,15088,3752,832,1548,5704,4677,906,2980,644,495,2209,252,240,258,672,68105,21836,5479,0,0,0,148,33,38,72,31,36
15310,1442,3669,0,0,0,46564,183,1.8485e+05,0,502,27273,4755,1913,674,33,8326,25776,5352,900,15727,366,1777,1911,680,1087,149,151,260,2268,23523,6257,150,16643,4992,6273,0,5086,0,7645,3742,12017,7679,13537,6826
14548,1929,16555,0,0,0,47990,303,1.9004e+05,0,15731,15459,2899,1808,140,169,958,11441,2811,797,1465,309,1296,1037,278,713,465,315,210,871,3516,742,32,12412,4512,2824,0,308,0,915,301,699,761,1224,784
76096,8197,69,0,0,0,56,1189,2765,0,0,1.1094e+05,19343,10706,1976,22,1468,1.0228e+05,20298,2985,214,1865,6950,6959,1415,4857,436,693,3732,92,0,0,2327,45597,15076,2940,0,57,0,0,20,38,16,18,0
31339,2737,2640,0,0,0,43714,696,1.8019e+05,0,1338,31248,4831,3228,944,29,9295,28434,5938,1380,10699,559,1503,1769,688,1241,260,213,536,2416,7547,2224,117,25189,8104,4926,0,1767,0,3590,1624,5002,3176,7074,3588
14377,1591,2254,0,0,0,42708,248,1.8953e+05,0,1583,20258,3708,1009,259,0,8726,15974,3196,904,10817,463,1100,930,767,1661,258,179,365,2106,9011,2649,391,13907,5588,3504,0,2267,0,3168,1741,6087,3755,6840,3588
88003,7992,284,0,0,0,750,1737,6073,0,104,1.032e+05,18385,8058,1494,108,2898,91435,19221,3699,1019,2109,5634,6726,1060,3420,1007,820,2330,176,696,187,659,60672,21026,4612,0,11,0,0,78,104,285,166,129
68047,4347,2954,0,0,0,32881,1149,1.3877e+05,0,594,61754,12132,4216,1120,53,8510,58682,10552,2037,14804,1028,3039,4292,652,2604,501,174,635,2763,27103,7904,161,37134,12279,7532,0,5161,0,8013,3312,10575,6913,11084,6622
79803,6997,1977,0,0,0,11857,1627,52568,0,1157,99407,17043,7779,1772,302,8857,85441,18562,2949,10280,908,5425,6289,1072,4233,292,466,1206,883,7173,1879,994,55726,20178,5837,0,1739,0,3564,1766,5687,4263,6250,3146
87813,9025,107,0,0,0,1212,1406,7764,0,38,1.0542e+05,16633,8155,1850,71,2086,85952,18872,2331,1324,779,5024,6592,920,3522,523,532,2359,72,736,248,1025,62409,20898,4757,0,78,0,99,0,297,177,338,42
27661,3364,3793,0,0,0,38372,729,1.6311e+05,0,986,48020,8053,2869,710,33,11285,48073,9392,1588,19919,753,2764,2914,737,2348,352,452,594,3011,24270,7356,283,28763,10197,6320,0,6902,0,10607,6041,16260,12960,20865,10361
46669,3615,2894,0,0,0,35433,816,1.4871e+05,0,409,61215,10284,3981,813,39,6195,51843,11144,1849,8935,1013,3649,3859,419,3035,289,255,745,2833,21349,6923,523,34857,11705,6883,0,5519,0,8816,3650,12122,8511,16101,7558
40484,4753,3806,0,0,0,35726,867,1.3958e+05,0,739,68832,12023,4301,840,31,10622,56717,12290,2333,12259,1025,3132,3901,733,2838,379,795,1003,3186,28987,8049,333,41635,13310,9002,0,4224,0,8514,3698,11581,8608,16429,9117
22104,1877,3567,0,0,0,47278,263,1.7848e+05,0,449,27878,4299,1550,578,28,9271,26516,5572,681,11711,616,1918,1904,568,1825,166,345,365,1782,20488,6507,142,15979,5544,4888,0,3955,0,9201,4007,10897,6962,15892,9216
75256,6704,470,0,0,0,16865,1709,69883,0,150,93976,16581,6005,1294,75,3115,82036,17028,2864,4836,1130,5299,5081,938,4388,585,751,1723,59,3428,820,468,52160,17401,4500,0,72,0,135,41,336,204,210,19
73357,7369,4844,0,0,0,20059,1846,81719,0,4202,87260,15128,7539,2377,128,3421,77075,14086,3341,4052,1242,4915,5694,1175,4068,841,604,1460,1105,1907,1116,1076,58343,17917,4669,0,681,0,1667,593,1983,1483,1823,1149
99190,13563,152,0,0,0,104,2593,4418,0,76,94724,15337,15866,2056,58,1863,74189,16407,4282,399,2003,4758,5869,1677,3310,1328,1070,4789,78,28,93,2074,75074,26182,4831,0,0,0,0,40,231,63,0,0
79242,8263,26,0,0,0,1340,1519,7014,0,146,1.0687e+05,19865,9279,1855,39,1772,88605,15227,2748,794,1421,4849,5803,722,4239,549,591,2115,173,290,60,1220,57529,17880,3608,0,43,0,104,22,89,0,86,16
85436,7399,3347,0,0,0,14657,1159,56093,0,2261,94074,15688,7157,1280,159,7156,80787,15774,2989,6691,960,4770,5146,769,4096,860,720,1252,1305,4621,1167,926,55378,16928,4484,0,2011,0,2896,1279,5129,4391,5338,2936
85075,6447,96,0,0,0,77,1511,2191,0,32,1.0213e+05,19115,7342,1396,115,1142,92366,18628,2493,121,1205,5238,5335,1396,3524,468,635,1799,126,35,30,912,54296,16378,3394,0,16,0,0,5,69,0,0,0
77949,6932,2577,0,0,0,26439,929,1.0561e+05,0,242,77001,13543,5137,980,65,5764,64090,12242,2162,9187,913,4739,4237,900,3474,247,484,1187,1456,13362,4172,594,49775,15924,6424,0,2203,0,4059,2004,6799,3973,6859,3548
81403,8526,29,0,0,0,3113,1926,13122,0,111,1.0206e+05,19021,8494,1750,74,1926,84481,17887,3353,2374,2078,6361,5585,820,3080,812,579,2141,172,1828,400,838,64692,20144,4287,0,0,0,71,0,188,56,158,112
1.103e+05,10265,0,0,0,0,157,1471,2521,0,41,90340,14526,10044,1266,153,1320,68327,15607,3638,440,1499,5544,5295,767,3009,603,453,2204,0,80,33,766,81358,22791,4767,0,0,0,0,0,0,0,32,0
99512,8065,2537,0,0,0,12988,1574,52461,0,2295,86953,14517,6313,1755,65,15461,72207,14249,2894,17926,1293,4067,5268,1219,3848,452,859,1368,2340,10695,3145,723,58324,18989,6461,0,2763,0,4658,2407,7136,5620,10645,5931
81247,6996,1249,0,0,0,25336,1528,1.0253e+05,0,127,74288,11495,5532,1285,24,5462,62814,11299,2378,9920,1116,4248,4141,955,3024,591,583,1234,1327,13539,3635,565,50253,16481,6099,0,2781,0,5288,2365,8237,4888,10657,5465
17799,2000,2759,0,0,0,44310,571,1.7798e+05,0,1466,22295,4798,1969,675,77,7201,16582,3016,1302,7787,379,1483,897,650,1267,251,192,332,2270,4821,1320,83,15138,5796,3924,0,1318,0,2632,1092,3060,2182,4074,1881
65909,7555,80,0,0,0,2501,1334,13439,0,78,1.0342e+05,17872,7630,1724,168,2464,91874,17901,2906,1324,1610,4559,5886,1365,3396,450,419,1606,305,1013,405,881,61461,19952,4250,0,86,0,42,84,109,216,152,119
27086,2567,3558,0,0,0,39837,554,1.6279e+05,0,1017,41803,8650,2604,871,0,8355,39478,6638,1501,12657,593,2868,2795,465,2113,232,459,568,2302,21564,6684,200,24951,7409,4636,0,6603,0,11089,4454,15525,10078,20441,10657
79695,7405,1713,0,0,0,18034,1932,73497,0,227,85975,14568,5724,1544,51,5763,73270,16826,2742,6677,781,5277,5721,1027,3571,512,397,1335,873,8702,2852,704,57414,17179,6295,0,2092,0,2769,1413,4733,2598,5666,2460
91821,7173,1626,0,0,0,22256,1211,88890,0,321,72525,12245,6120,1072,123,5914,66354,13908,3205,6867,1333,5339,4915,802,2828,293,420,1347,1358,9914,3413,610,56497,15780,6360,0,1908,0,3220,1647,4244,3999,6072,3255
35645,3081,2706,0,0,0,40373,962,1.5797e+05,0,209,43297,8057,2685,509,117,5029,39874,8130,1556,9075,520,2472,2393,673,2284,331,339,336,1870,20267,5272,343,28037,8438,5574,0,5314,0,9158,3674,11434,7775,14901,8153
85659,7557,1908,0,0,0,8847,1769,39490,0,669,89383,15812,7223,2357,0,6364,82310,15268,3566,5999,1490,5349,5520,1004,2965,716,373,1477,1239,5618,2014,648,61862,18211,5658,0,1948,0,1850,773,4115,2301,4947,2103
65856,5533,2741,0,0,0,22067,1644,93812,0,662,81540,14576,5740,1054,119,9838,72036,16916,2395,14068,1174,3846,4170,862,3666,230,300,1375,2089,17552,6201,360,46456,15044,5761,0,3549,0,7609,3452,11488,8170,12908,8040
86823,7848,966,0,0,0,8344,1471,37070,0,261,92280,15370,7986,1832,100,4699,77644,15272,3214,4539,1825,4159,5073,875,3545,579,429,2245,1295,5826,1506,860,65101,20762,4246,0,965,0,1604,563,2039,1812,3889,2866
67887,6341,0,0,0,0,331,1104,3272,0,75,1.052e+05,18392,6439,1474,166,680,93120,17257,2597,144,1360,5275,7102,1207,3744,537,577,1513,0,0,33,862,51514,16882,2931,0,0,0,0,78,12,0,0,0
42216,4029,2377,0,0,0,34214,605,1.4154e+05,0,1235,56698,10338,4743,812,105,11205,50356,11107,2031,10687,746,3111,3550,550,3001,393,458,996,2181,13699,4013,396,33907,10508,6594,0,3299,0,4525,2076,8146,5998,11688,5326
87442,8244,24,0,0,0,230,1374,3575,0,51,98231,16510,7287,2275,72,1999,80227,15507,3378,897,1359,4064,4406,1040,2702,397,476,1584,54,158,43,1265,59435,17141,3594,0,70,0,0,0,108,50,140,16
29952,4069,2544,0,0,0,42703,565,1.6611e+05,0,819,30511,5553,2954,705,72,6688,27710,5167,1590,7906,998,1598,1873,608,1142,180,271,494,2211,10123,2658,81,24770,7797,4818,0,1964,0,4543,1910,6564,4085,8131,4520
61267,6968,107,0,0,0,54,1309,1823,0,45,1.0627e+05,17288,7163,1332,126,1194,98462,19616,2348,179,812,5328,6886,1178,5094,384,345,1609,28,83,0,834,41896,14622,2975,0,19,0,0,55,0,24,0,0
86113,7678,321,0,0,0,294,1294,3585,0,119,1.0305e+05,17424,7695,1400,53,2977,76762,15132,3553,1657,1166,4893,5089,647,3268,540,847,2069,260,606,161,844,52266,17571,3574,0,64,0,505,284,592,533,1174,774
72886,6551,3433,0,0,0,22033,1541,91101,0,1914,76952,12971,6495,1073,24,4809,69284,14107,2734,7530,1050,4103,4361,925,2867,472,436,1354,2259,8262,2542,541,48796,15119,5735,0,1435,0,3618,1716,4194,3022,4968,2475
71595,6452,69,0,0,0,126,1116,2421,0,109,1.0359e+05,16237,5965,1636,68,1626,89014,17679,3268,455,1351,6521,5939,1492,4321,479,889,1482,0,34,0,667,50069,14965,3166,0,30,0,0,67,0,22,20,0
84606,6627,1556,0,0,0,8669,1436,34712,0,849,92255,15593,6116,1169,224,6609,76742,15340,3697,6654,1271,5373,5692,1188,3627,508,784,2153,1079,4589,1625,765,56121,17714,4464,0,1717,0,2399,850,4647,3376,5086,2750
74446,6359,2341,0,0,0,18089,1478,81850,0,233,80743,14929,6605,1046,162,5316,68140,13796,3173,8476,992,4441,3524,640,2814,286,311,1455,1170,12981,3633,399,50393,15742,6318,0,2511,0,5332,2946,9820,4993,9226,5625
23970,2321,3448,0,0,0,37729,378,1.5996e+05,0,417,35238,6464,2065,474,18,7785,31557,5660,1333,11178,360,1904,2174,385,1321,399,178,392,2567,26973,6280,300,23490,7846,6501,0,5177,0,9154,3950,12221,9226,18481,8149
25210,2437,3146,0,0,0,38398,493,1.5588e+05,0,461,38321,6783,3136,488,0,9119,37577,7443,1285,12966,390,1823,2513,489,1911,127,226,653,2333,22480,6594,280,21942,8646,6706,0,4246,0,9377,3349,11444,8445,16797,8394
89683,7421,2000,0,0,0,9850,1674,39004,0,2362,84201,14614,8246,1881,126,1650,69887,13570,2707,423,1199,4444,5058,862,2808,457,642,2301,36,595,80,960,64662,20340,4426,0,0,0,0,125,0,0,69,29
83849,7730,1083,0,0,0,8691,1535,39004,0,461,88021,16497,6815,1512,19,3982,73557,13985,3234,5624,1243,3938,5294,1014,3008,498,446,1528,883,5959,1718,567,57408,18094,4874,0,1131,0,2075,991,3023,2636,4935,2255
69191,6548,47,0,0,0,266,888,2343,0,67,99600,17062,6448,1492,82,1712,87351,18528,2910,180,829,5162,5344,1023,3439,370,747,960,0,0,21,788,47822,16597,3492,0,0,0,0,0,40,0,3,0
76838,7428,212,0,0,0,361,1537,3852,0,0,95304,16241,6511,1618,79,1460,81046,15660,2341,617,1286,5553,5346,501,3421,541,722,1375,118,65,0,998,57159,16851,3689,0,47,0,0,0,107,22,54,31
51764,4655,4660,0,0,0,23912,1415,1.0224e+05,0,6339,73017,12352,6908,841,264,1477,62373,12374,2124,480,843,4096,4430,789,2782,283,346,1534,488,506,66,976,53629,18275,3783,0,0,0,120,0,0,58,28,16
74219,6349,143,0,0,0,2794,1298,14534,0,70,97747,16077,7084,1266,152,1918,79531,16775,2862,546,1528,6331,5680,952,3261,458,404,1964,141,259,195,575,54518,16977,3550,0,0,0,55,20,170,109,1,43
21264,1710,4963,0,0,0,38509,453,1.6304e+05,0,500,26178,4346,1727,184,0,7303,26502,5264,1091,11870,574,1375,2098,205,1602,187,195,316,2607,21980,6842,34,15144,5108,4828,0,5330,0,10188,4345,13201,8526,17361,9204
31037,3496,3298,0,0,0,36519,667,1.5159e+05,0,359,39382,6596,2749,739,152,7242,38653,7375,1352,12018,992,2177,2534,280,1862,172,232,805,2154,21397,6087,151,23858,7886,6568,0,3810,0,8488,3820,12805,8025,16402,8442
20376,1513,13538,0,0,0,39485,312,1.6423e+05,0,18238,21511,3540,2678,439,192,904,16742,3024,1084,685,501,1358,1239,327,1056,131,93,412,286,1721,790,0,15762,5946,1490,0,216,0,214,213,448,377,857,284
1.0719e+05,10427,106,0,0,0,57,1595,2851,0,0,84723,15778,8581,1508,120,1914,65701,12764,3445,437,1229,4893,4662,720,2589,601,477,2196,22,24,55,708,61031,19380,4142,0,0,0,0,58,14,0,0,0
81429,8124,106,0,0,0,546,1749,6119,0,80,97147,17575,8757,1682,67,1609,67732,14222,3843,668,1861,5256,5498,650,3040,552,742,2166,47,297,0,886,62886,20418,3253,0,0,0,47,0,167,78,0,14
36900,2908,1786,0,0,0,34042,958,1.3877e+05,0,791,51887,9132,3213,569,122,8209,41991,9659,1791,8964,555,2705,2620,822,2934,459,294,559,1970,13588,4064,385,29507,8643,5756,0,2347,0,5191,2445,7203,5123,13796,5868
75828,6409,549,0,0,0,2450,1628,11850,0,461,91787,16441,7845,1189,0,2595,78115,12858,2857,2379,1401,4245,5370,1055,3765,915,972,1364,0,1646,508,1142,58666,17830,3301,0,246,0,517,104,824,642,953,365
51657,4702,1560,0,0,0,35163,710,1.3884e+05,0,495,41284,7026,3839,778,70,8505,41386,7139,1581,12277,723,2714,2612,745,2145,433,383,611,1610,15398,4181,355,29890,10261,6353,0,2213,0,4589,1890,5741,4316,7739,3396
79655,8432,425,0,0,0,1127,2184,5800,0,76,91740,15920,7514,1378,215,2877,74617,15661,3170,2171,1121,4782,4980,1151,3261,390,580,2107,166,827,205,985,59932,17357,3455,0,73,0,363,73,701,320,1064,287
87482,7811,68,0,0,0,3224,1332,18252,0,228,87988,14360,7612,1076,0,2296,75893,13812,2726,1060,1192,4665,5505,1070,3161,591,575,1184,265,698,263,1014,51243,18343,3804,0,93,0,237,0,600,180,560,137
1.0342e+05,10597,28,0,0,0,37,2118,2263,0,0,80318,14041,9046,1983,78,1514,62311,11962,3766,338,1375,4457,4371,1245,2936,562,540,2686,8,0,0,769,72680,23392,4516,0,0,0,18,38,124,0,0,0
53611,4809,3935,0,0,0,25527,681,1.0628e+05,0,2733,69631,12992,5161,1401,201,5651,55789,11848,2130,10133,887,3061,4125,477,3153,447,323,1169,2999,5730,2382,742,44565,14359,3986,0,1791,0,4252,1995,6356,4483,7793,4225
68906,7477,86,0,0,0,4029,1643,18684,0,47,95646,15538,7023,1802,89,1968,77588,15297,2580,1123,1344,4268,5021,789,2893,404,549,2082,0,507,73,619,54196,16765,3137,0,47,0,0,22,0,20,52,44
81614,7383,0,0,0,0,92,1890,2961,0,74,96603,16519,9317,1532,51,5902,65917,13311,2977,572,1116,4183,4002,1039,2953,699,483,1796,95,163,88,708,57626,17612,3179,0,0,0,0,0,34,0,28,41
66332,5703,2218,0,0,0,27955,1067,1.1025e+05,0,871,59039,10756,5693,1012,170,4977,48443,8925,2652,6617,944,2763,3656,973,2677,285,613,1192,1734,5364,1345,611,46162,14128,4813,0,1164,0,2205,1213,2698,2397,4975,2496
22512,1634,4113,0,0,0,35643,305,1.5252e+05,0,358,32411,5473,1945,415,35,8370,29405,6557,1242,12953,474,1556,2074,277,1721,357,117,400,2453,25430,7324,270,19275,5882,6067,0,6271,0,11901,5249,16545,11058,23064,11846
80692,7176,560,0,0,0,2516,1114,10934,0,470,84821,17666,6792,1204,44,2314,77984,15136,3194,2677,1026,4206,5182,1029,3420,607,586,1636,136,1577,516,878,57927,17360,3757,0,128,0,465,390,641,559,821,598
14869,1981,6150,0,0,0,35973,466,1.61e+05,0,6839,21285,3807,2024,557,140,3170,20139,3081,866,3269,438,1492,1456,636,773,359,79,475,1232,5133,1162,134,16537,5765,2717,0,667,0,1285,736,2287,986,2241,1348
16693,1900,3104,0,0,0,40380,270,1.5734e+05,0,461,22664,4255,1752,281,20,8817,23265,4588,1191,11735,246,1509,1078,552,1394,193,172,282,1876,19722,6062,150,14966,4066,6029,0,2961,0,5201,2338,7709,5321,9099,4564
